0
0
0
0
0
0
0
0
0
0
0
0
0
0
0
0
16383
-5
26985
283
26984
575
26982
863
26982
1151
26981
1433
26982
1725
26982
2011
26981
2286
26985
2576
26984
2862
26982
3150
26980
3419
26985
3709
26982
3991
26981
4271
26979
4537
26982
4817
26982
5096
26982
5352
26986
5626
26984
5896
26985
6163
26985
6430
26984
6698
26983
6961
26983
7217
26982
7468
26985
7728
26985
7976
26984
8232
26983
8475
26983
8731
26982
8965
26982
9211
26981
9436
26983
9670
26984
9907
26985
10140
26981
10360
26982
10577
26983
10801
26983
11015
26981
11218
26984
11432
26981
11633
26984
11839
26984
12036
26981
12227
26983
12422
26982
12610
26982
12789
26982
12956
26983
13138
26982
13303
26983
13476
26981
13634
26982
13797
26982
13942
26985
14087
26985
14237
26982
14375
26985
14513
26982
14640
26982
14775
26981
14890
26982
15015
26982
15120
26983
15229
26983
15338
26981
15436
26981
15529
26980
15615
26984
15700
26983
15784
26983
15852
26985
15930
26982
15995
26984
16057
26981
16103
26986
16156
26983
16206
26983
16247
26984
16277
26982
16312
26981
16334
26981
16348
26986
16363
26985
16373
26984
16380
26985
16383
26984
16376
26983
16368
26981
16355
26982
16329
26985
16305
26984
16276
26984
16242
26982
16201
26985
16157
26981
16108
26983
16048
26985
15990
26984
15925
26984
15857
26982
15779
26984
15701
26981
15616
26981
15526
26985
15433
26984
15335
26982
15230
26984
15123
26983
15008
26985
14893
26982
14768
26984
14641
26983
14512
26984
14376
26982
14236
26981
14090
26982
13941
26983
13787
26986
13630
26985
13470
26985
13303
26982
13133
26984
12961
26980
12784
26982
12603
26986
12417
26983
12226
26983
12033
26982
11836
26982
11634
26982
11431
26984
11221
26982
11012
26985
10798
26984
10579
26983
10357
26986
10135
26983
9906
26985
9675
26980
9441
26982
9206
26984
8966
26980
8726
26986
8480
26982
8231
26983
7983
26982
7729
26983
7477
26981
7218
26981
6958
26985
6697
26982
6435
26982
6168
26980
5901
26980
5633
26979
5361
26979
5089
26987
4814
26985
4540
26983
4262
26986
3986
26985
3704
26985
3424
26982
3143
26986
2861
26984
2575
26985
2289
